scores = [0.411082, 0.0383682, 0.063769, 0.0753403, 0.0775054, 0.0535013, 0.194512, 0.0898349, 0.127519, 0.167354, 0.115557, 0.229877, 0.0997345, 0.0400635, 0.0593197, 0.131646, 0.0494959, 0.0314006, 0.0401193, 0.0574186, 0.157277, 0.013463, 0.0220382, 0.00722983, 0.00204655, 0.298601, 0.055837, 0.0488527, 0.0737949, 0.212804, 0.00844295, 0.0228066, 0.177262, 0.0514577, 0.260536, 0.0314585, 0.0343435, 0.0546317, 0.0134424, 0.196153, 0.191444, 0.015542, 0.00669627, 0.0925763, 0.0423874, 0.166091, 0.101917, 0.147961, 0.0319426, 0.0811092, 0.217859, 0.0477968, 0.00428024, 0.0244296, 0.0145643, 0.020279, 0.0782725, 0.104966, 0.330723, 0.0296808, 0.157516, 0.12002, 0.242057, 0.181161, 0.135578, 0.151645, 0.11176, 0.0313551, 0.042706, 0.0793888, 0.130717, 0.0752447, 0.0100179, 0.0311575, 0.108116, 0.129736, 0.115494, 0.0945897, 0.0594275, 0.033907, 0.00873982, 0.132978, 0.0132509, 0.0954979, 0.172454, 0.123977, 0.221643, 0.0648259, 0.0489334, 0.0332116, 0.0116127, 0.15923, 0.128108, 0.235196, 0.122692, 0.0748065, 0.103108, 0.0192047, 0.183656, 0.0788502, 0.148962, 0.011515, 0.188512, 0.176504, 0.114538, 0.168463, 0.149169, 0.156242, 0.12816, 0.0058565, 0.0369939, 0.0226131, 0.108692, 0.03531, 0.306527, 0.15894, 0.0388371, 0.201881, 0.0623095, 0.189022, 0.0262961, 0.0166971, 0.00242571, 0.01431, 0.116914, 0.0573802, 0.0535149, 0.143355, 0.0880019, 0.116701, 0.11065, 4.03777e-05, 0.140827, 0.0293706, 0.00862659, 0.122685, 0.049983, 0.0827401, 0.0865664, 0.0348365, 0.0829482, 0.00945375, 0.0683508, 0.189701, 0.00764227, 0.0132772, 0.0351585, 0.0483429, 0.120376, 0.125246, 0.0534324, 0.0486023, 0.00787589, 0.151832, 0.0251969, 0.0775752, 0.112358, 0.105019, 0.0366606, 0.0753832, 0.0307268, 0.110873, 0.0684178, 0.0574439, 0.00853203, 0.113831, 0.12892, 0.00882521, 0.00376593, 0.0333142, 0.0880499, 0.0995777, 0.0259724, 0.151445, 0.0677753, 0.0738406, 0.0926246, 0.148539, 0.0289121, 0.365014, 0.11263, 0.0344504, 0.0704454, 0.0486284, 0.0793236, 0.0842993, 0.163049, 0.243331, 0.100066, 0.0520145, 0.0285007, 0.157284, 0.0240663, 0.0888981, 0.0391181, 0.0787597, 0.0746197, 0.112751, 0.00259213, 0.106199, 0.0648059, 0.163542, 0.106535, 0.0332544, 0.165186, 0.0386575, 0.100612, 0.192031, 0.141543, 0.126475, 0.0154907, 0.0631013, 0.0285774, 0.125335, 0.0729213, 0.220643, 0.0955473, 0.0144338, 0.0382199, 0.0764259, 0.0631248, 0.0194618, 0.136607, 0.0782685, 0.104455, 0.0134834, 0.0223882, 0.0413324, 0.00183352, 0.0812584, 0.149977, 0.122874, 0.0630965, 0.0386545, 0.0463778, 0.204319, 0.0901697, 0.0537319, 0.0620873, 0.0211114, 0.051092, 0.158043, 0.0560433, 0.0158353, 0.0153653, 0.0374868, 0.13122, 0.07913, 0.0459245, 0.0281805, 0.0162168, 0.0910312, 0.0286586, 0.0695561, 0.0378577, 0.00915518, 0.0394815, 0.535609, 0.011333, 0.158735, 0.0673799, 0.00827916, 0.00240358, 0.0510984, 0.0857663, 0.170563, 0.0382296, 0.114542, 0.0618747, 0.00856442, 0.0860972, 0.00665318, 0.04286, 0.207227, 0.0106646, 0.0852599, 0.162277, 0.0173515, 0.00871783, 0.0326665, 0.169122, 0.177064, 0.0562144, 0.0869024, 0.0636629, 0.0652186, 0.0875378, 0.0962642, 0.145609, 0.0744883, 0.0945711, 0.0926827, 0.0200307, 0.119775, 0.0895117, 0.212649, 0.082503, 0.119343, 0.0730072, 0.0511608, 0.0492702, 0.0273453, 0.146931, 0.0214863, 0.0139361, 0.0826334, 0.0826477, 0.0778768, 0.0843595, 0.00330265, 0.131916, 0.102765, 0.0389138, 0.00776804, 0.139474, 0.0827662, 0.0629444, 0.0921865, 0.240716, 0.112623, 0.183855, 0.0124864, 0.0135082, 0.0538118, 0.0207121, 0.0169965, 0.0311411, 0.0402446, 0.0682122, 0.0276968, 0.0160345, 0.0977254, 0.0686441, 0.0785084, 0.0936096, 0.0799266, 0.0254182, 0.0727527, 0.0181282, 0.167611, 0.0929254, 0.160301, 0.0885016, 0.0855472, 0.0654412, 0.160994, 0.10667, 0.047358, 0.0636014, 0.0147955, 0.0564997, 0.0260982, 0.000895029, 0.0977566, 0.0325347, 0.110009, 0.113591, 0.0680969, 0.106235, 0.0127677, 0.18934, 0.0534628, 0.166846, 0.0966465, 0.164142, 0.15836, 0.0643537, 0.10577, 0.104892, 0.0355708, 0.0607527, 0.101012, 0.116234, 0.0851891, 0.0937261, 0.0235007, 0.00151433, 0.072628, 0.187795, 0.127579, 0.00713621, 0.0906403, 0.0624436, 0.0426211, 0.199992, 0.00645268, 0.0196856, 0.213198, 0.0643486, 0.0809766, 0.0615251, 0.0197913, 0.192418, 0.11487, 0.152578, 0.165796, 0.0181856, 0.0299819, 0.163116, 0.0804299, 0.013958, 0.207831, 0.0939215, 0.144301, 0.0281395, 0.0806268, 0.173643, 0.0696324, 0.232557, 0.00987306, 0.0704611, 0.096928, 0.165854, 0.182598, 0.018554, 0.0386935, 0.0089168, 0.0446083, 0.113496, 0.152842, 0.0786534, 0.0515015, 0.0748423, 0.127875, 0.0804339, 0.0521153, 0.0861094, 0.156509, 0.0510171, 0.0897551, 0.0539135, 0.0964233, 0.0545513, 0.0305521, 0.0813881, 0.0595152, 0.0980428, 0.169572, 0.107514, 0.17249, 0.000928249, 0.0102807, 0.0639798, 0.237935, 0.021895, 0.0242374, 0.0361221, 0.0576928, 0.0766573, 0.0199187, 0.178866, 0.0628915, 0.00512554, 0.0357417, 0.165358, 0.220656, 0.0209572, 0.00601009, 0.0650756, 0.0697748, 0.0153165, 0.119961, 0.0847367, 0.0737567, 0.0313241, 0.0103555, 0.0184937, 0.0465211, 0.202047, 0.0199032, 0.0384555, 0.063275, 0.025922, 0.0924838, 0.116563, 0.0561085, 0.191956, 0.00881668, 0.0754808, 0.0126445, 0.0719173, 0.130149, 0.00648455, 0.16751, 0.00312704, 0.00169508, 0.125114, 0.0241784, 0.099557, 0.032751, 0.0929481, 0.0428186, 0.0438833, 0.042212, 0.147964, 0.0598229, 0.105397, 0.0449743, 0.11287, 0.0594896, 0.100081, 0.0932713, 0.0552646, 0.00679976, 0.124662, 0.130677, 0.0441658, 0.120476, 0.101685, 0.0142666, 0.0930938, 0.000431391, 0.0707375, 0.207111, 0.495594, 0.0241977, 0.30663, 0.0252546, 0.00694652, 0.187384, 0.033192, 0.0544117, 0.0417294, 0.0897631, 0.0551966, 0.07972, 0.139171, 0.0299306, 0.111635, 0.0715636, 0.121816, 0.109262, 0.0628601, 0.0236445, 0.193403, 0.0289078, 0.0190871, 0.00697054, 0.103262, 0.166495, 0.0702309, 0.0986549, 0.13693, 0.161741, 0.0569647, 0.108896, 0.177277, 0.10377, 0.0496918, 0.0397829, 0.0222492, 0.0703859, 0.123587, 0.0172551, 0.0525663, 0.0202382, 0.151714, 0.0166199, 0.120468, 0.0163849, 0.102079, 0.0111341, 0.0863701, 0.0557321, 0.0866917, 0.030762, 0.0783599, 0.0168366, 0.221184, 0.130144, 0.0012335, 0.0283838, 0.151473, 0.136196, 0.133796, 0.193209, 0.0476964, 0.0340208, 0.0276273, 0.101458, 0.11297, 0.0610218, 0.110873, 0.0458378, 0.110675, 0.0285341, 0.0493974, 0.00797988, 0.0540143, 0.154145, 0.168581, 0.0423035, 0.0306263, 0.0447201, 0.0442888, 0.0829741, 0.117374, 0.193557, 0.0433307, 0.0880954, 0.0429397, 0.0511773, 0.131758, 0.0020624, 0.0685024, 0.0544103, 0.0195958, 0.0975338, 0.00929634, 0.106564, 0.0312087, 0.138576, 0.0982297, 0.00313792, 0.0708942, 0.0407197, 0.0264452, 0.189163, 0.186174, 0.0873603, 0.0670979, 0.0599519, 0.0143042, 0.0266885, 0.0942372, 0.0320832, 0.0835432, 0.0557573, 0.206005, 0.0678269, 0.0424771, 0.153675, 0.0138089, 0.058616, 0.0764562, 0.179067, 0.0635474, 0.0395431, 0.00489273, 0.0409631, 0.189657, 0.158701, 0.180245, 0.128597, 0.0181372, 0.0431952, 0.0684215, 0.0807107, 0.0177304, 0.00708793, 0.065255, 0.105944, 0.0299243, 0.0481907, 0.0510773, 0.05777, 0.121863, 0.238877, 0.14955, 0.102772, 0.0370052, 0.0585128, 0.0655725, 0.0209752, 0.0349908, 0.11311, 0.0934339, 0.00703576, 0.102627, 0.133052, 0.150576, 0.015407, 0.110858, 0.0569855, 0.0817232, 0.108198, 0.00382606, 0.0696385, 0.0399617, 0.0762476, 0.0668265, 0.146892, 0.0802121, 0.153747, 0.0922192, 0.010357, 0.0536379, 0.0761761, 0.108364, 0.0524144, 0.0689744, 0.142459, 0.0894101, 0.0156014, 0.0157409, 0.0533426, 0.0152414, 0.129171, 0.0457742, 0.149733, 0.0917029, 0.114393, 0.108768, 0.270099, 0.0745942, 0.0830624, 0.0161905, 0.0771897, 0.0387509, 0.0119623, 0.0951524, 0.274203, 0.122659, 0.134535, 0.155152, 0.113385, 0.0505324, 0.0815841, 0.123958, 0.133196, 0.0189606, 0.0158032, 0.281902, 0.180028, 0.184775, 0.0473081, 0.0264061, 0.00404939, 0.218795, 0.0105162, 0.0572374, 0.0632755, 0.0977744, 0.0783497, 0.0845564, 0.00411467, 0.013603, 0.0732795, 0.0604364, 0.107274, 0.0647671, 0.0717062, 0.185265, 0.0603294, 0.274941, 0.017771, 0.105732, 0.182837, 0.0516346, 0.118045, 