scores = [0.510401, 0.11206, 0.0597446, 0.522184, 0.153214, 0.132704, 0.0608836, 0.289324, 0.106322, 0.0122869, 0.276339, 0.114529, 0.146929, 0.411087, 0.00439325, 0.175651, 0.59231, 0.158121, 0.282265, 0.455031, 0.307443, 0.406399, 0.26959, 0.0190889, 0.143398, 0.354691, 0.0904595, 0.236495, 0.0347583, 0.262854, 0.166348, 0.319654, 0.0353968, 0.499533, 0.0913842, 0.272195, 0.062283, 0.213774, 0.115863, 0.118597, 0.301158, 0.619639, 0.383991, 0.166348, 0.201061, 0.00535482, 0.137762, 0.146498, 0.064174, 0.136174, 0.0915565, 0.0786072, 0.171042, 0.321162, 0.43546, 0.260659, 0.238249, 0.233186, 0.361949, 0.208737, 0.133125, 0.235994, 0.279997, 0.407351, 0.567115, 0.287316, 0.326831, 0.13978, 0.0524528, 0.0814273, 0.27573, 0.11136, 0.105009, 0.486148, 0.174866, 0.463593, 0.0171756, 0.338941, 0.260169, 0.264751, 0.019439, 0.0418898, 0.0634093, 0.165891, 0.479299, 0.281265, 0.594995, 0.107783, 0.0116184, 0.423883, 0.437055, 0.0445968, 0.122831, 0.0474666, 0.548224, 0.516094, 0.206435, 0.257137, 0.0462576, 0.187628, 0.231609, 0.0528879, 0.332831, 0.34749, 0.0531175, 0.015094, 0.0494183, 0.507622, 0.3998, 0.278062, 0.207748, 0.344148, 0.146159, 0.0587579, 0.363489, 0.256868, 0.0456377, 0.0234658, 0.265547, 0.640014, 0.0488365, 0.192073, 0.179683, 0.217545, 0.149207, 0.304005, 0.137065, 0.154589, 0.454339, 0.197988, 0.108624, 0.208192, 0.190848, 0.161539, 0.489198, 0.0527541, 0.23505, 0.0156459, 0.210427, 0.32133, 0.0918042, 0.0731837, 0.0136288, 0.0591179, 0.178182, 0.265109, 0.0606794, 0.223562, 0.340982, 0.26014, 0.0117238, 0.593549, 0.292849, 0.266999, 0.13491, 0.098347, 0.0982939, 0.184139, 0.266694, 0.275315, 0.0448819, 0.195291, 0.200165, 0.116877, 0.2221, 0.33025, 0.383042, 0.0686706, 0.160469, 0.153847, 0.411431, 0.167346, 0.0627217, 0.358112, 0.169434, 0.0236993, 0.0657267, 0.133062, 0.289945, 0.305355, 0.465325, 0.0372826, 0.278779, 0.324748, 0.442403, 0.0473823, 0.129912, 0.0692752, 0.407091, 0.101978, 0.230562, 0.185132, 0.486299, 0.0850072, 0.241041, 0.424929, 0.556184, 0.131648, 0.290643, 0.1252, 0.465956, 0.225393, 0.0580864, 0.489389, 0.181996, 0.0133811, 0.0896138, 0.119905, 0.0474561, 0.0250539, 0.424225, 0.383161, 0.467516, 0.587643, 0.0134644, 0.214838, 0.0239162, 0.519761, 0.147995, 0.14348, 0.555787, 0.498001, 0.152153, 0.355603, 0.108432, 0.336712, 0.355645, 0.18302, 0.23293, 0.139985, 0.0904527, 0.450817, 0.31853, 0.0578575, 0.118345, 0.11841, 0.0143415, 0.107026, 0.0823384, 0.179675, 0.0923449, 0.0510855, 0.431781, 0.416499, 0.227256, 0.232909, 0.0897973, 0.0164388, 0.596772, 0.539501, 0.0784897, 0.00720913, 0.494023, 0.15878, 0.0996145, 0.129029, 0.532897, 0.530062, 0.175631, 0.226039, 0.373754, 0.0249608, 0.231137, 0.428756, 0.197914, 0.0613395, 0.362916, 0.355164, 0.310151, 0.23018, 0.435571, 0.228505, 0.452666, 0.0481096, 0.333303, 0.0801399, 0.0931549, 0.0178084, 0.236201, 0.0520156, 0.268456, 0.107286, 0.00974884, 0.185549, 0.62315, 0.19212, 0.167417, 0.346946, 0.102072, 0.0474289, 0.0687961, 0.310192, 0.498751, 0.116181, 0.0820044, 0.00608844, 0.122617, 0.225189, 0.0033302, 0.0070678, 0.0983812, 0.301241, 0.132272, 0.0689129, 0.240139, 0.0689829, 0.0805901, 0.235646, 0.316289, 0.37082, 0.0108352, 0.200656, 0.152615, 0.184113, 0.0106504, 0.353715, 0.0745306, 0.45049, 0.031648, 0.0562363, 0.0335545, 0.359523, 0.0458843, 0.13744, 0.20294, 0.00392948, 0.20273, 0.113942, 0.39482, 0.124163, 0.391853, 0.281195, 0.580644, 0.606685, 0.295469, 0.0143302, 0.0914703, 0.350793, 0.376284, 0.144778, 0.202337, 0.547589, 0.775995, 0.0370622, 0.201367, 0.155776, 0.514285, 0.000290948, 0.555651, 0.34593, 0.0839185, 0.229249, 0.089694, 0.186218, 0.383151, 0.269328, 0.515001, 0.33488, 0.307905, 0.188314, 0.358296, 0.278182, 0.194992, 0.172234, 0.0506845, 0.0941948, 0.212326, 0.23479, 0.0600735, 0.154373, 0.291814, 0.20117, 0.521833, 0.731617, 0.0504011, 0.453722, 0.0277172, 0.419655, 0.254815, 0.0642299, 0.0699194, 0.481675, 0.0417659, 0.445735, 0.120572, 0.420103, 0.390473, 0.693248, 0.423082, 0.0760698, 0.319549, 0.138652, 0.393222, 0.266051, 0.0466184, 0.203038, 0.110726, 0.60412, 0.137179, 0.147952, 0.397845, 0.0806115, 0.177637, 0.415813, 0.117576, 0.0782748, 0.143521, 0.0937403, 0.418867, 0.0791511, 0.132926, 0.542367, 0.15632, 0.280534, 0.0161011, 0.457327, 0.305043, 0.288314, 0.26399, 0.557555, 0.528352, 0.0414087, 0.086086, 0.319752, 0.373477, 0.00867856, 0.15506, 0.474793, 0.344749, 0.169452, 0.562108, 0.317264, 0.179292, 0.140851, 0.390784, 0.273339, 0.0266627, 0.162228, 0.0578597, 0.0167799, 0.0285845, 0.346664, 0.321997, 0.0423061, 0.0930975, 0.102854, 0.313183, 0.316292, 0.237038, 0.195714, 0.040778, 0.486943, 0.0771508, 0.543558, 0.335951, 0.187388, 0.288962, 0.438858, 0.175415, 0.252973, 0.549164, 0.0677045, 0.223287, 0.232904, 0.574962, 0.203184, 0.299881, 0.199062, 0.327313, 0.679005, 0.22835, 0.261663, 0.171594, 0.123221, 0.412724, 0.138009, 0.473723, 0.032543, 0.325851, 0.640144, 0.50288, 0.234832, 0.636001, 0.274033, 0.0619645, 0.339639, 0.200319, 0.0213652, 0.036254, 0.177371, 0.367325, 0.0865831, 0.572444, 0.604563, 0.0324665, 0.00443699, 0.0779362, 0.0771745, 0.126685, 0.137262, 0.0518955, 0.11082, 0.645477, 0.252349, 0.285788, 0.139054, 0.254878, 0.133333, 0.216841, 0.607597, 0.0144391, 0.299495, 0.217403, 0.060099, 0.496288, 0.496701, 0.248954, 0.070034, 0.216768, 0.282146, 0.259443, 0.164968, 0.0328741, 0.410697, 0.0471755, 0.276502, 0.238606, 0.132802, 0.204948, 0.0498312, 0.0244066, 0.195637, 0.145144, 0.129647, 0.422337, 0.290091, 0.333316, 0.122968, 0.280397, 0.0252466, 0.209771, 0.113284, 0.0730923, 0.0783425, 0.015675, 0.362883, 0.089692, 0.411083, 0.0562115, 0.239539, 0.0438978, 0.14642, 0.038948, 0.280611, 0.286595, 0.182334, 0.272939, 0.0557505, 0.383363, 0.0232946, 0.290652, 0.345895, 0.327199, 0.205127, 0.134873, 0.66547, 0.16624, 0.327293, 0.0588085, 0.170678, 0.567443, 0.114897, 0.223473, 0.434814, 0.288243, 0.107901, 0.37275, 0.170411, 0.18313, 0.112501, 0.108643, 0.38428, 0.29404, 0.227622, 0.0786255, 0.556654, 0.241759, 0.516007, 0.528287, 0.465678, 0.0700583, 0.197467, 0.0621813, 0.11795, 0.258957, 0.0267114, 0.0859652, 0.145002, 0.536909, 0.435086, 0.153822, 0.236409, 0.361782, 0.232409, 0.180865, 0.305814, 0.0592894, 0.260313, 0.0454339, 0.359174, 0.0887615, 0.225919, 0.0783801, 0.343211, 0.215074, 0.393529, 0.169364, 0.0679549, 0.0672419, 0.343002, 0.186763, 0.341437, 0.378134, 0.242673, 0.206842, 0.28626, 0.459534, 0.391115, 0.10071, 0.0122397, 0.156569, 0.138242, 0.182331, 0.0543079, 0.318045, 0.0041597, 0.0420827, 0.302845, 0.357139, 0.383627, 0.332871, 0.131167, 0.113987, 0.302392, 0.20659, 0.495323, 0.352131, 0.101326, 0.263817, 0.12787, 0.102287, 0.00930275, 0.0535382, 0.271655, 0.0431944, 0.302414, 0.53824, 0.228309, 0.136006, 0.0391052, 0.225946, 0.0757918, 0.261825, 0.118772, 0.146785, 0.555174, 0.127909, 0.0658534, 0.0127895, 0.241726, 0.163158, 0.430431, 0.126477, 0.38823, 0.155454, 0.301545, 0.0670682, 0.0612877, 0.0273672, 0.315275, 0.1593, 0.146616, 0.0279082, 0.138235, 0.441064, 0.301216, 0.271961, 0.195656, 0.4823, 0.235735, 0.183148, 0.240445, 0.227129, 0.21741, 0.0465207, 0.227542, 0.544747, 0.38779, 0.0373378, 0.0401125, 0.377769, 0.132219, 0.194892, 0.0413162, 0.51963, 0.32661, 0.015687, 0.0746104, 0.412251, 0.000979248, 0.171801, 0.0200861, 0.202561, 0.48554, 0.399524, 0.0871342, 0.191961, 0.157919, 0.308221, 0.0714564, 0.0730777, 0.235671, 0.0724073, 0.104164, 0.405901, 0.431058, 0.212221, 0.0376226, 0.266738, 0.09235, 0.199331, 0.172112, 0.321915, 0.0242458, 0.0667859, 0.020035, 0.274591, 0.321225, 0.356162, 0.635909, 0.227483, 0.0874741, 0.0830494, 0.0974312, 0.238741, 0.104353, 0.00414186, 0.010559, 0.0410618, 0.0571308, 0.00925071, 0.0436905, 0.0959805, 0.372757, 0.149334, 0.574047, 0.131141, 0.254357, 0.0618736, 0.00739774, 0.000239231, 0.17755, 0.202606, 0.107873, 0.289857, 0.0629444, 0.285246, 0.0155639, 0.186836, 0.112694, 0.0668164, 0.587544, 0.0685743, 0.428691, 0.00221377, 0.0956007, 0.262774, 0.350876, 0.20072, 0.117145, 0.00124041, 0.19874, 0.129889, 0.140883, 