scores = [0.418102, 0.266227, 0.212771, 0.0391195, 0.00751124, 0.195185, 0.245843, 0.0575473, 0.054436, 0.352165, 0.040763, 0.0498355, 0.11877, 0.141092, 0.164004, 0.0279138, 0.0596568, 0.0246775, 0.148836, 0.244832, 0.380348, 0.125816, 0.166356, 0.424067, 0.0265123, 0.230854, 0.299043, 0.042741, 0.241048, 0.201727, 0.205669, 0.104636, 0.173999, 0.330835, 0.125736, 0.233248, 0.509599, 0.270233, 0.201422, 0.00176753, 0.187898, 0.000534052, 0.260247, 0.0702764, 0.184977, 0.144754, 0.328373, 0.31477, 0.13745, 0.00653831, 0.301184, 0.522363, 0.00981377, 0.0170111, 0.167111, 0.247542, 0.0229374, 0.185621, 0.0917225, 0.224381, 0.0841587, 0.0238335, 0.20779, 0.125424, 0.152893, 0.274002, 0.185902, 0.0761947, 0.324509, 0.0975021, 0.138126, 0.14263, 0.155548, 0.184116, 0.026582, 0.347819, 0.0900608, 0.186671, 0.0992797, 0.15072, 0.370561, 0.339742, 0.0398293, 0.070197, 0.0524216, 0.0361839, 0.136545, 0.15547, 0.00217188, 0.206008, 0.255959, 0.0649418, 0.180958, 0.179535, 0.078955, 0.0380893, 0.0258636, 0.136443, 0.059329, 0.174747, 0.0199786, 0.125297, 0.138539, 0.0809806, 0.0520503, 0.173621, 0.0447662, 0.0804844, 0.159902, 0.0728626, 0.17913, 0.329296, 0.215999, 0.427215, 0.000675177, 0.00935648, 0.100337, 0.139161, 0.139117, 0.000815154, 0.0511053, 0.0370461, 0.167402, 0.512407, 0.120119, 0.0318982, 0.0887695, 0.0130294, 0.35729, 0.103338, 0.0144867, 0.269646, 0.195296, 0.292865, 0.371959, 0.0669998, 0.0890868, 0.143792, 0.167997, 0.0191332, 0.0806456, 0.050618, 0.346575, 0.0235809, 0.179163, 0.102747, 0.151973, 0.216321, 0.326621, 0.0790613, 0.19346, 0.0335313, 0.0856362, 0.364032, 0.150733, 0.0766595, 0.27231, 0.20089, 0.0961428, 0.0659982, 0.136015, 0.100368, 0.189275, 0.0563163, 0.0215874, 0.330707, 0.0567307, 0.413485, 0.0459743, 0.276191, 0.233525, 0.138504, 0.033285, 0.0762568, 0.036394, 0.0110017, 0.170481, 0.124628, 0.155215, 0.0352622, 0.0505554, 0.38173, 0.0142388, 0.0927742, 0.00900502, 0.21349, 0.0738772, 0.0247276, 0.14467, 0.204963, 0.182246, 0.0362505, 0.048591, 0.190932, 0.210171, 0.133607, 0.178394, 0.158802, 0.0182235, 0.154935, 0.285713, 0.295953, 0.0368447, 0.0394659, 0.276238, 0.180187, 0.0576601, 0.298944, 0.255945, 0.0864265, 0.263267, 0.235996, 0.202656, 0.150863, 0.262052, 0.0641026, 0.221048, 0.0212723, 0.0595769, 0.0222301, 0.0151117, 0.0198701, 0.280032, 0.25547, 0.33984, 0.00328112, 0.0449674, 0.205245, 0.040699, 0.126358, 0.209021, 0.10453, 0.140529, 0.149234, 0.137415, 0.0381669, 0.216364, 0.111466, 0.0352414, 0.111613, 0.141091, 0.178406, 0.188775, 0.0829554, 0.205824, 0.0827792, 0.151929, 0.119266, 0.0706252, 0.191387, 0.182245, 0.162844, 0.0764673, 0.0340164, 0.0618491, 0.232115, 0.105413, 0.597195, 0.0426159, 0.000931202, 0.0477319, 0.239541, 0.170465, 0.11063, 0.0997701, 0.0979503, 0.324797, 0.0611052, 0.0316216, 0.166559, 0.0931799, 0.400622, 0.130967, 0.0683578, 0.259096, 0.22965, 0.307642, 0.20884, 0.181206, 0.0747292, 0.0337225, 0.287096, 0.171289, 0.230897, 0.312321, 0.0183713, 0.254348, 0.306998, 0.180388, 0.132626, 0.0370413, 0.233653, 0.208305, 0.172994, 0.214246, 0.302304, 0.0637555, 0.294971, 0.0928166, 0.197911, 0.159918, 0.0395964, 0.222574, 0.234986, 0.0358875, 0.124776, 0.157984, 0.0882506, 0.148047, 0.0968558, 0.0426348, 0.0153063, 0.141886, 0.131325, 0.234669, 0.234331, 0.0873245, 0.0570278, 0.126181, 0.066487, 0.0629613, 0.281986, 0.155857, 0.0462993, 0.287485, 0.16242, 0.087117, 0.095726, 0.22741, 0.285323, 0.0952541, 0.00141017, 0.0305635, 0.171288, 0.425652, 0.204105, 0.0279513, 0.133047, 0.0197131, 0.285239, 0.0595411, 0.109271, 0.188216, 0.0137, 0.0362915, 0.27092, 0.0102187, 0.0875397, 0.283243, 0.246007, 0.204751, 0.0611767, 0.00539816, 0.15354, 0.0498161, 0.229337, 0.0237945, 0.0919582, 0.0580432, 0.0861558, 0.0847718, 0.131406, 0.0917256, 0.0882651, 0.122678, 0.0817664, 0.0602429, 0.0244713, 0.180847, 0.0275092, 0.00425959, 0.150514, 0.134526, 0.0221305, 0.0100568, 0.121436, 0.125914, 0.00244376, 0.0448528, 0.0160393, 0.0674766, 0.107913, 0.0478361, 0.111003, 0.0182729, 0.166653, 0.22063, 0.548292, 0.0454249, 0.125989, 0.380007, 0.132614, 0.130426, 0.0634536, 0.230637, 0.145954, 0.295316, 0.14747, 0.277678, 0.174986, 0.143069, 0.0736325, 0.249732, 0.298398, 0.0612796, 0.111502, 0.260681, 0.00111787, 0.0531247, 0.101335, 0.154334, 0.39276, 0.192414, 0.127876, 0.317382, 0.229614, 0.0804427, 0.28533, 0.164719, 0.0173114, 0.211742, 0.369162, 0.239206, 0.0634628, 0.415738, 0.120324, 0.0554963, 0.196339, 0.200981, 0.13267, 0.103575, 0.13541, 0.340532, 0.0877184, 0.0736128, 0.148391, 0.117944, 0.238324, 0.0841131, 0.370486, 0.359287, 0.198136, 0.0974847, 0.313655, 0.0319659, 0.00881176, 0.021592, 0.0899081, 0.0496007, 0.0431818, 0.198595, 0.149766, 0.164525, 0.0963395, 0.0200728, 0.0670562, 0.192464, 0.0109825, 0.184362, 0.068825, 0.189696, 0.155625, 0.0449999, 0.0879409, 0.00156194, 0.194922, 0.0227553, 0.285916, 0.0398642, 0.0305653, 0.0760679, 0.180831, 0.07103, 0.193875, 0.182231, 0.104194, 0.121389, 0.145932, 0.595841, 0.145993, 0.112966, 0.146299, 0.329289, 0.0282138, 0.161307, 0.0857551, 0.239, 0.146492, 0.0136173, 0.0657926, 0.137581, 0.137494, 0.228634, 0.0596605, 0.307058, 0.0897228, 0.0611343, 0.0914745, 0.0972838, 0.135851, 0.00765432, 0.126943, 0.024407, 0.21608, 0.193906, 0.144013, 0.200225, 0.261993, 0.0459795, 0.310942, 0.0220048, 0.340207, 0.308259, 0.202522, 0.56873, 0.0932361, 0.0427029, 0.339139, 0.040527, 0.356635, 0.130496, 0.18278, 0.105815, 0.200663, 0.61434, 0.045525, 0.102262, 0.0496726, 0.20626, 0.169168, 0.188591, 0.212023, 0.233538, 0.235003, 0.112669, 0.0472562, 0.128256, 0.00449081, 0.139403, 0.175494, 0.138505, 0.3409, 0.0759692, 0.231755, 0.195094, 0.145657, 0.301759, 0.0549984, 0.245007, 0.0846939, 0.0135631, 0.00603321, 0.197001, 0.297967, 0.0160249, 0.0178942, 0.0102869, 0.242233, 0.253361, 0.0525676, 0.217488, 0.111775, 0.379527, 0.0307177, 0.153045, 0.0192335, 0.0447438, 0.405416, 0.0601063, 0.142744, 0.0950946, 0.144528, 0.142482, 0.0913743, 0.151664, 0.173704, 0.142497, 0.139812, 0.0611536, 0.174762, 0.305837, 0.267676, 0.0902352, 0.0438298, 0.222189, 0.13781, 0.0637984, 0.151031, 0.203924, 0.00776119, 0.0909925, 0.168937, 0.0811084, 0.016769, 0.0553652, 0.073908, 0.163617, 0.321854, 0.0451455, 0.27585, 0.193483, 0.0887166, 0.185408, 0.146089, 0.215417, 0.0207823, 0.0484529, 0.156482, 0.0247338, 0.118171, 0.221463, 0.0620965, 0.0259218, 0.0950054, 0.231536, 0.048166, 0.0588046, 0.0421669, 0.155593, 0.18839, 0.165047, 0.0474348, 0.111004, 0.281972, 0.086004, 0.276011, 0.0317737, 0.101681, 0.0983783, 0.189492, 0.0750577, 0.173427, 0.0359482, 0.218524, 0.0873741, 0.263235, 0.0830343, 0.132343, 0.273573, 0.116463, 0.29361, 0.0344303, 0.153364, 0.183919, 0.18423, 0.170666, 0.178523, 0.0841798, 0.103591, 0.190413, 0.179699, 0.153488, 0.196879, 0.0186257, 0.0909946, 0.410712, 0.257576, 0.198492, 0.152145, 0.0499784, 0.00132127, 0.0278796, 0.150906, 0.0545006, 0.244723, 0.23236, 0.136665, 0.0631544, 0.057183, 0.0912233, 0.160623, 0.210754, 0.165727, 0.220955, 0.104275, 0.222062, 0.0238805, 0.278372, 0.21592, 0.352185, 0.110722, 0.0559499, 0.0194066, 0.241508, 0.0468369, 0.0266421, 0.0845339, 0.0484434, 0.0393439, 0.421418, 0.0246059, 0.408212, 0.105867, 0.00259578, 0.280656, 0.175787, 0.0513101, 0.0175704, 0.019433, 0.127392, 0.401961, 0.0557667, 0.0447596, 0.156522, 0.281657, 0.203633, 0.231851, 0.12939, 0.0821629, 0.112818, 0.0415964, 0.0736435, 0.102359, 0.117993, 0.00457497, 0.0473606, 0.0900928, 0.0889797, 0.133435, 0.131427, 0.0419426, 0.0416572, 0.0283846, 0.0386471, 0.0890044, 0.101451, 0.116194, 0.353837, 0.447001, 0.123417, 0.114878, 0.104765, 0.0786567, 0.0418693, 0.451207, 0.108968, 0.202677, 0.0616461, 0.0709377, 0.00133289, 0.414246, 0.226902, 0.16317, 0.309807, 0.160484, 0.207187, 0.199938, 0.100652, 0.0597974, 0.219456, 0.0235484, 0.112164, 0.195171, 0.0787817, 0.133059, 0.0843798, 0.150124, 0.180122, 0.0757073, 0.195105, 0.0744472, 0.0731712, 0.317219, 0.21973, 0.236924, 0.239465, 0.127481, 0.286742, 0.017743, 8.0588e-05, 0.0741093, 0.418695, 